14
17
17
15
15
19
19
17
17
19
21
11
13
22
18
14
23
15
17
22
14
21
16
18
17
16
12
19
15
19
15
13
19
21
16
15
15
11
17
14
15
16
19
13
20
16
17
18
17
17
22
14
15
14
16
14
24
17
19
17
19
14
16
18
14
19
16
19
19
19
17
14
18
19
18
18
17
16
17
16
14
21
15
22
10
17
14
21
14
16
17
17
14
14
17
15
19
20
17
18
14
19
18
18
16
14
18
29
15
19
19
19
17
18
19
22
17
19
18
14
17
13
19
18
21
20
18
16
19
17
14
17
30
15
15
17
20
20
17
16
17
19
14
18
15
17
19
19
13
17
13
19
19
18
17
17
23
25
18
15
19
17
19
15
21
14
20
17
17
16
18
20
14
16
14
17
16
18
19
17
15
18
18
22
17
23
17
14
19
18
14
14
24
14
20
14
14
19
16
17
20
18
17
25
16
17
19
18
17
17
17
16
15
18
14
19
17
18
14
15
15
16
16
20
17
17
17
19
14
14
16
19
14
13
6
16
18
10
19
17
17
19
19
15
16
17
19
15
17
17
15
17
17
16
17
23
16
14
16
18
22
19
19
16
17
20
17
22
19
17
17
14
7
13
20
16
18
17
19
18
16
14
19
14
22
15
22
21
22
15
13
18
16
21
17
17
27
15
22
18
16
16
20
20
18
14
18
19
16
15
17
16
14
19
18
16
18
28
17
19
20
18
17
14
18
18
17
16
14
15
15
16
19
14
16
19
18
15
17
22
17
25
17
25
17
18
19
18
17
21
25
17
21
14
16
19
17
21
17
18
19
22
16
17
17
14
20
19
17
19
16
16
18
17
18
23
17
17
17
17
18
17
16
19
18
18
19
16
25
17
23
14
18
17
16
19
17
19
15
22
20
17
17
19
22
21
16
16
20
15
17
15
18
17
19
16
19
18
15
19
19
17
15
17
16
16
15
22
15
14
19
18
25
16
16
19
19
18
19
14
20
15
13
16
18
18
18
17
16
16
16
14
19
13
17
16
15
19
16
19
19
17
21
16
18
15
18
20
17
14
19
18
20
18
17
20
18
21
14
16
19
16
14
16
19
17
14
19
11
17
20
21
16
17
17
17
20
18
14
18
10
16
17
16
15
16
19
16
14
21
16
18
15
17
17
19
20
14
19
17
12
16
10
17
17
17
18
15
16
18
14
19
17
15
17
19
19
19
14
16
14
15
19
17
17
16
14
19
16
14
15
16
8
17
16
11
15
19
21
15
15
19
11
16
14
14
18
13
19
18
15
7
17
17
20
15
14
20
17
16
17
19
17
18
14
18
17
15
15
15
14
18
19
19
18
16
17
17
18
19
15
17
15
10
19
17
16
16
20
20
15
19
16
18
18
16
17
15
14
16
20
18
20
24
16
14
18
14
17
17
15
18
17
18
17
17
20
20
16
19
17
14
14
16
19
17
18
15
17
18
14
19
17
19
16
21
12
17
13
17
19
26
17
19
14
20
13
14
19
19
16
15
19
18
19
18
16
24
19
14
14
21
17
19
17
17
16
16
14
19
17
17
19
17
14
20
17
16
18
17
20
15
17
16
15
19
14
22
16
14
15
17
14
20
21
20
17
13
16
22
19
19
15
16
17
17
19
15
20
18
17
19
24
18
17
14
19
17
18
19
19
17
16
17
19
19
19
17
18
13
23
19
20
16
17
17
14
16
16
18
19
14
20
17
16
16
18
18
25
18
15
17
17
16
16
15
18
16
14
18
18
17
16
19
16
20
14
18
17
18
14
15
18
19
16
14
26
16
17
16
19
17
16
19
17
14
14
19
15
15
14
17
18
15
15
18
14
18
14
17
14
14
16
18
16
18
16
18
19
14
17
22
17
19
17
17
19
17
18
16
18
16
14
21
17
17
16
16
17
16
17
17
14
18
21
19
17
17
14
19
20
17
18
17
27
18
13
13
17
14
21
17
18
15
14
17
17
17
16
15
19
19
17
17
16
17
21
17
18
17
14
16
14
16
19
17
16
17
19
15
22
14
16
16
15
15
15
18
26
15
23
20
14
21
17
21
14
17
19
17
18
14
22
18
15
17
15
17
19
19
21
16
16
17
14
16
19
16
17
18
18
20
19
19
13
23
14
16
14
18
15
19
21
19
19
17
16
18
16
14
15
18
16
14
20
13
14
17
19
19
18
15
14
15
18
19
18
14
13
8
22
15
15
17
19
14
18
19
18
17
17
16
19
19
18
14
18
19
14
19
