11
18
24
16
14
20
17
18
15
19
14
16
16
17
17
16
19
17
15
17
19
18
6
17
14
15
15
24
24
17
20
19
16
16
23
12
16
17
16
18
18
19
14
17
19
15
21
20
17
17
20
25
24
19
18
15
20
18
15
15
20
18
18
18
15
18
18
20
22
14
21
15
15
9
14
17
20
16
17
15
15
19
16
16
19
9
16
17
17
19
14
18
16
20
16
16
14
20
15
16
19
19
11
17
16
16
21
15
13
17
23
22
18
16
19
17
17
19
17
14
16
14
15
19
14
17
23
18
19
21
17
18
14
20
17
19
18
16
23
14
17
16
13
18
16
16
14
17
14
17
16
15
17
17
17
16
18
23
16
19
14
18
16
15
14
18
14
16
19
17
17
19
17
19
18
18
19
18
18
17
19
19
14
19
19
16
17
17
16
16
16
16
16
17
16
16
14
19
17
19
18
17
21
17
17
15
18
17
16
17
15
14
19
18
14
15
18
17
17
14
14
17
18
16
20
16
16
17
16
20
14
14
16
16
14
18
9
22
14
19
8
15
17
19
16
17
19
18
19
18
23
17
16
17
19
18
19
17
16
19
16
20
16
17
24
22
19
11
18
17
17
23
15
14
19
14
11
15
16
14
15
14
18
16
20
16
14
18
19
16
15
17
23
18
15
17
20
14
15
16
19
16
17
18
16
24
17
14
21
14
17
22
16
17
14
16
16
15
20
24
17
17
16
14
22
18
16
14
19
14
20
16
16
14
8
15
14
19
22
14
19
13
18
16
12
21
14
14
19
16
18
16
16
18
17
27
17
19
14
23
13
12
16
16
16
18
19
19
18
17
18
16
19
14
18
17
15
17
19
17
19
21
16
14
12
20
19
15
15
15
16
24
16
20
17
15
14
18
13
17
17
13
15
19
17
14
16
17
13
17
19
16
14
19
17
17
17
14
23
14
14
19
15
17
16
16
18
15
17
16
18
15
21
18
16
18
18
13
18
14
16
19
14
22
14
17
18
24
14
19
16
17
19
14
26
19
19
20
20
19
21
17
21
21
20
25
20
14
19
14
17
14
16
13
19
20
17
17
16
15
15
16
19
19
16
22
16
14
11
18
17
6
17
18
12
28
20
16
10
17
24
16
14
17
16
17
14
17
14
17
19
15
19
18
19
19
8
18
14
23
19
17
13
14
14
17
16
19
14
18
18
17
14
20
19
16
23
17
17
14
19
21
19
12
17
17
17
14
17
17
16
15
17
14
19
16
18
19
17
16
18
17
18
15
18
18
17
23
14
18
16
12
17
16
16
16
16
16
16
17
12
16
18
19
18
15
11
19
24
16
17
17
18
23
14
18
21
19
12
14
18
14
16
19
16
19
17
23
19
17
15
20
18
14
19
12
17
18
19
18
16
5
14
19
17
16
20
18
18
14
18
16
18
17
16
17
10
16
17
18
8
19
14
15
14
20
16
17
18
19
22
15
17
15
18
18
14
19
19
17
17
15
17
19
14
23
18
14
18
14
14
14
16
18
19
19
17
17
18
20
17
19
15
15
16
21
17
17
13
20
14
16
17
10
14
17
17
14
14
14
14
15
15
15
17
14
20
17
15
14
18
14
16
18
15
14
16
14
19
15
18
17
17
18
16
17
17
17
17
22
15
18
17
18
18
22
18
14
19
14
18
24
18
18
18
18
23
14
18
16
