16
20
19
17
14
23
17
15
17
18
16
19
19
23
16
20
15
16
19
19
19
18
17
16
19
18
17
19
19
22
19
17
18
16
18
17
19
19
20
19
17
18
14
16
14
17
18
17
19
18
14
22
12
25
19
18
17
17
12
18
14
15
19
20
22
16
15
18
18
17
17
16
17
18
18
19
17
16
16
17
18
14
14
19
18
20
14
16
16
16
15
13
15
19
22
18
15
18
18
16
18
18
19
22
20
17
16
21
16
20
13
16
14
17
19
19
22
19
17
19
17
19
14
19
14
24
14
18
17
15
17
17
19
16
17
16
16
20
17
15
17
14
19
18
15
16
17
18
17
14
17
19
11
17
19
21
22
16
16
14
16
18
18
19
19
17
18
16
16
24
17
21
19
16
16
18
13
17
16
15
16
17
16
17
18
14
17
16
19
18
17
18
14
16
17
14
16
18
18
15
20
14
15
19
19
18
18
19
19
18
17
14
14
19
26
19
18
17
17
14
14
17
14
17
16
17
16
18
14
16
16
19
14
17
20
18
19
18
8
19
19
17
18
19
19
19
18
17
18
17
18
18
15
17
15
19
12
12
14
14
17
15
17
13
17
19
15
15
17
14
23
19
24
16
16
18
18
18
17
15
19
17
18
14
18
14
10
19
16
17
14
19
19
19
18
17
19
17
16
14
16
19
15
17
19
14
16
21
19
18
17
18
15
17
17
17
16
16
19
18
17
19
19
14
14
18
15
14
19
17
21
17
17
17
20
14
17
16
17
17
18
20
17
19
16
16
24
13
27
14
19
19
14
15
13
16
17
17
22
14
25
25
19
19
19
10
22
18
16
16
19
15
16
17
16
16
19
14
19
17
19
18
16
22
17
18
17
14
17
16
17
19
16
16
18
17
16
15
23
23
18
18
17
18
6
17
25
20
21
12
15
20
17
16
16
26
12
17
20
17
18
19
17
14
17
14
19
19
17
23
17
22
16
19
17
19
20
16
19
14
19
19
14
17
16
19
17
17
18
14
23
18
19
17
17
17
16
10
16
15
18
14
16
20
18
14
24
19
17
18
16
19
19
18
24
25
18
17
19
16
20
19
17
20
16
19
27
17
20
14
21
21
17
18
20
14
15
20
21
18
17
17
14
14
17
17
20
16
19
21
18
14
22
15
17
14
17
19
17
17
15
18
20
14
16
21
19
19
14
18
15
16
26
16
20
15
17
16
17
19
17
19
18
16
17
16
17
16
23
15
18
19
18
15
16
16
24
18
15
18
20
18
15
14
18
18
17
14
17
19
14
21
18
16
19
5
16
17
19
16
18
17
18
15
8
17
20
16
17
13
15
17
16
17
19
19
15
17
17
19
17
7
15
17
19
17
19
9
16
17
15
19
16
17
17
19
18
20
14
14
15
15
16
14
15
18
17
16
14
16
25
17
17
19
17
19
16
18
22
20
18
22
18
16
15
19
14
19
19
16
16
15
19
12
18
19
16
17
15
25
15
13
17
16
17
17
17
17
20
19
19
17
18
17
16
18
14
19
17
17
16
17
19
19
16
14
17
15
15
15
22
18
17
17
18
16
26
18
20
13
18
15
16
22
18
14
20
14
16
16
18
25
17
14
19
18
13
16
18
19
14
14
15
19
20
18
18
17
17
15
19
15
18
23
17
17
16
19
14
17
16
23
21
19
14
19
16
16
16
18
