16
19
15
24
18
17
18
24
18
16
15
16
14
18
23
26
22
20
17
17
19
14
18
18
19
24
22
19
19
16
18
15
15
19
23
17
20
16
19
20
16
15
17
25
19
15
19
19
14
20
15
14
18
19
15
17
19
17
14
21
19
20
14
11
16
15
19
16
19
14
15
23
23
17
14
19
19
13
16
17
19
16
16
18
16
16
17
19
17
19
20
13
19
17
19
21
26
19
18
13
16
16
15
16
18
14
27
15
19
18
18
23
19
19
18
17
19
18
17
19
18
18
18
16
17
15
14
18
15
17
14
17
8
19
14
17
15
17
14
15
19
17
14
13
17
16
18
21
19
15
19
14
17
16
17
15
17
17
20
17
19
18
19
15
11
24
14
19
17
15
14
17
23
18
18
23
18
20
16
14
15
18
15
18
28
18
14
18
17
18
22
17
18
10
24
16
15
15
16
16
19
14
19
17
22
16
14
16
19
15
19
17
19
19
15
17
17
17
17
15
14
17
17
16
18
14
18
19
14
24
24
17
17
16
18
16
19
17
19
16
17
19
14
15
15
19
19
17
16
17
17
17
18
17
17
10
18
17
17
17
14
17
17
16
22
18
18
17
17
19
19
20
11
16
17
17
19
24
14
16
21
16
18
19
19
15
14
17
19
14
17
13
18
14
17
8
19
20
19
18
16
17
16
16
20
19
15
18
21
17
15
20
15
19
23
19
17
21
17
19
15
17
16
14
20
23
16
18
15
14
17
15
17
17
18
17
17
18
17
14
16
17
17
18
18
18
22
17
16
15
15
19
16
19
17
15
17
17
18
17
19
16
14
15
15
18
16
17
20
17
20
17
16
14
16
15
16
15
12
18
18
17
15
19
14
15
19
18
18
16
17
15
17
7
18
17
18
16
19
17
16
20
20
13
14
17
18
18
19
14
13
19
17
19
17
14
19
26
17
19
14
23
16
15
14
14
17
19
15
17
19
16
22
19
17
17
16
19
15
15
14
17
19
14
15
14
20
16
16
15
18
14
17
24
19
17
18
18
17
17
18
14
17
15
16
13
17
18
16
21
17
24
15
17
18
19
17
16
17
16
15
14
13
19
18
19
17
17
16
19
19
19
14
16
18
19
17
20
15
20
23
14
9
15
16
19
17
14
18
15
17
19
19
16
20
17
8
17
17
18
17
16
14
19
18
15
16
13
14
19
14
20
17
17
19
15
16
15
19
16
15
23
17
18
20
14
18
16
17
17
18
17
14
18
24
14
16
14
15
16
18
14
19
16
14
14
16
18
10
14
17
18
16
22
17
14
18
17
14
19
19
18
19
19
15
17
14
19
21
20
19
19
12
16
22
17
15
14
15
18
16
18
15
14
15
23
15
19
18
17
15
25
16
14
16
19
22
19
19
17
19
23
18
17
20
17
15
15
8
17
17
17
19
16
17
18
19
15
19
17
14
18
17
17
21
15
17
18
17
18
19
17
14
17
14
17
11
16
25
15
17
19
19
15
19
19
19
17
15
14
15
16
18
16
19
16
10
19
17
16
16
15
15
7
19
20
14
18
17
21
20
18
18
15
17
19
19
17
19
20
18
21
19
14
19
17
23
19
17
19
16
19
14
14
21
16
15
18
17
17
27
18
17
16
15
15
16
18
17
22
14
17
15
11
23
21
14
15
18
16
17
16
13
16
19
18
16
16
14
18
15
18
14
18
14
17
16
14
19
15
18
15
20
18
16
17
16
20
18
16
17
16
17
19
17
14
16
16
17
11
17
23
17
14
17
18
18
14
17
9
19
17
17
17
20
13
19
15
18
12
16
20
17
17
16
19
17
10
18
17
18
18
16
17
15
18
18
19
19
17
18
19
16
16
18
19
17
21
19
18
18
14
19
16
22
17
19
17
17
14
16
17
18
18
16
19
14
17
14
14
17
15
19
17
16
19
19
18
26
19
15
15
14
17
19
14
18
17
14
17
19
22
16
18
18
19
17
22
19
23
18
13
18
19
17
15
20
15
19
14
14
19
18
14
17
15
20
20
15
14
17
22
19
18
17
24
17
19
16
16
15
19
14
14
15
18
14
19
19
16
14
19
16
14
16
16
15
17
19
16
19
17
18
17
15
18
17
17
17
16
17
14
14
12
16
14
19
19
12
14
14
18
19
15
20
17
17
18
14
15
16
18
17
19
14
18
15
19
17
19
16
17
14
20
18
20
14
26
17
19
19
17
19
15
16
15
18
20
17
15
17
18
19
13
14
14
19
17
15
17
