17
16
16
18
18
19
16
21
14
16
19
19
17
17
18
17
17
15
19
19
19
16
16
14
17
17
14
18
14
15
23
18
17
19
20
16
17
19
19
14
17
19
15
24
20
15
21
14
17
16
16
16
18
16
19
16
16
19
15
13
18
15
19
19
14
23
17
14
24
19
19
16
16
18
19
16
16
17
17
19
13
17
16
16
17
17
19
16
14
17
19
18
18
14
18
14
19
21
18
17
19
17
18
16
17
17
17
18
18
16
19
17
16
17
17
14
16
23
17
17
14
19
16
15
14
17
19
18
15
17
14
20
17
19
19
19
14
18
19
16
17
18
19
18
16
17
18
15
15
17
26
17
19
14
15
14
17
14
18
14
14
19
15
17
19
19
17
19
15
19
17
17
17
15
20
19
15
16
17
17
19
17
20
12
20
20
16
15
17
14
17
15
16
19
16
17
13
17
15
15
18
18
17
17
17
17
16
16
18
16
15
15
18
16
21
14
15
16
18
18
16
15
14
17
14
19
17
16
19
18
16
18
14
17
18
17
24
17
19
15
19
19
17
19
14
27
17
18
17
22
21
18
19
14
19
17
17
19
19
16
18
18
17
17
15
16
15
16
16
14
18
17
19
17
19
17
15
17
18
18
19
14
14
18
15
17
20
19
15
16
17
15
16
17
17
18
19
16
19
17
17
19
18
18
17
20
17
18
18
17
15
18
14
17
18
23
16
15
19
16
19
16
19
17
14
20
19
15
18
14
14
17
16
17
17
15
24
16
17
16
14
19
22
15
21
21
18
17
17
20
14
17
19
16
26
19
16
16
17
16
17
17
14
16
17
19
14
17
18
17
18
19
19
14
17
19
15
19
16
18
17
15
19
19
16
15
14
18
17
20
14
15
17
18
17
19
18
19
19
15
17
16
17
19
17
17
14
15
18
25
19
17
19
15
14
19
15
15
19
15
17
14
19
18
19
18
17
18
18
15
15
17
19
18
19
17
19
16
16
16
14
16
19
17
14
14
16
17
18
17
16
18
16
19
17
22
14
17
17
15
17
17
20
18
17
16
17
16
16
15
18
21
14
14
17
16
14
14
19
20
19
17
19
17
15
19
18
18
14
18
16
21
16
17
14
18
18
18
18
19
14
18
17
15
17
16
18
17
19
15
19
18
17
16
19
14
17
18
14
16
19
14
19
19
18
20
18
18
14
14
17
16
19
19
15
19
19
17
15
16
19
16
15
14
15
16
17
16
17
16
16
17
14
18
14
14
17
17
16
16
18
18
14
14
15
14
15
15
21
15
17
18
16
14
17
20
14
15
17
17
19
18
16
17
18
16
21
16
19
18
19
16
17
16
14
19
15
14
19
20
18
19
19
19
17
13
15
15
20
14
15
14
15
19
16
17
16
14
15
19
19
15
17
18
14
18
15
16
19
17
24
17
16
19
16
19
19
13
18
17
14
19
16
16
18
16
16
17
17
16
19
15
15
17
19
16
18
19
18
18
15
17
16
16
21
16
18
16
18
15
16
16
17
14
19
18
17
17
18
19
19
19
20
14
15
17
19
20
18
16
17
16
17
16
22
17
19
19
17
19
16
19
14
15
16
19
16
17
15
17
19
27
17
13
18
18
20
18
18
18
19
18
17
14
15
17
16
14
19
17
15
17
17
19
17
19
17
17
19
19
17
19
16
19
13
18
19
19
19
14
17
17
16
19
19
18
19
18
16
16
14
16
19
18
17
16
16
17
19
16
17
14
17
16
16
16
18
15
16
16
19
14
26
18
16
24
14
14
17
15
21
16
14
15
14
17
17
15
