15
16
18
17
15
19
14
19
20
11
17
12
17
18
15
14
18
20
14
17
15
17
17
13
17
18
17
16
18
22
17
18
16
16
14
14
17
18
16
17
17
15
20
15
15
8
19
19
17
19
15
16
19
15
17
17
15
17
14
17
18
12
18
14
16
16
16
23
16
20
17
16
15
19
19
22
15
20
18
16
7
17
14
17
16
17
18
15
18
14
15
19
22
17
17
21
17
19
16
16
20
21
16
18
20
17
17
17
19
17
17
17
16
16
14
17
18
16
22
18
18
19
15
14
17
19
18
19
18
19
17
19
19
19
18
20
18
18
19
16
17
24
16
12
17
16
24
20
25
17
18
17
16
15
15
18
15
14
18
16
17
17
14
14
15
14
15
18
16
18
18
21
15
16
15
17
14
14
18
23
18
15
17
18
18
20
17
17
17
17
14
16
15
22
16
14
16
15
19
13
17
18
18
14
19
15
19
19
22
17
16
16
13
14
16
14
16
17
16
20
15
17
17
14
19
17
15
17
19
16
16
20
15
15
20
17
19
18
14
19
17
15
16
18
19
20
14
15
17
19
19
19
19
17
16
14
15
20
18
19
15
14
18
17
24
18
19
20
19
20
18
17
14
16
18
17
18
19
16
9
18
19
14
18
23
19
20
17
17
16
19
8
12
19
16
16
16
17
16
17
18
18
18
18
19
19
16
15
18
22
19
19
18
19
19
17
17
14
19
18
14
15
17
17
18
19
16
22
17
17
17
18
16
17
14
16
23
20
16
16
17
15
16
18
22
14
15
20
17
19
16
18
16
17
22
17
17
15
21
15
14
15
19
19
14
15
20
18
16
16
15
20
15
16
15
17
14
16
15
19
20
15
18
16
17
18
13
18
14
14
15
15
16
19
16
19
19
19
19
18
17
28
17
17
16
19
17
16
14
16
18
14
20
17
17
16
20
18
16
20
14
16
15
14
20
15
15
18
20
19
17
16
13
17
15
14
16
17
19
13
16
10
21
14
16
24
16
11
18
16
15
17
17
14
19
16
19
17
18
13
14
16
19
18
15
14
15
18
25
19
18
15
17
18
15
17
17
21
14
16
18
14
19
16
18
20
26
13
15
16
17
17
20
14
19
18
19
27
18
18
15
18
14
13
14
18
19
14
17
15
24
15
17
24
20
14
18
17
14
16
16
16
18
12
18
16
19
16
16
17
15
19
16
18
12
18
14
19
17
14
14
15
19
18
14
17
18
22
19
13
16
15
15
18
14
17
19
16
15
17
19
14
18
14
15
15
14
17
17
17
18
17
19
19
19
19
14
19
17
17
23
18
19
10
17
14
14
17
14
14
14
16
18
17
17
16
16
19
17
16
17
26
16
17
19
17
15
17
16
14
16
17
17
16
17
17
20
17
19
16
20
15
19
18
18
15
16
18
17
16
18
17
14
10
19
18
16
19
14
16
19
14
18
14
19
19
17
17
25
14
16
17
16
15
17
19
18
17
19
16
23
16
17
22
17
19
17
14
17
17
17
14
17
18
14
17
17
19
17
18
14
17
17
18
16
16
17
15
13
15
21
14
20
17
17
19
18
16
16
18
15
21
19
25
19
18
14
17
17
19
18
18
17
18
15
18
14
18
16
15
23
15
14
9
15
17
17
15
16
14
16
16
19
19
17
16
15
20
14
18
15
18
18
17
15
17
17
17
18
16
