17
19
18
16
15
16
19
20
18
18
12
17
16
15
17
19
17
17
19
17
16
19
18
19
18
18
18
16
16
18
14
16
24
19
18
20
19
14
15
18
17
15
17
16
17
16
18
17
19
14
14
16
19
15
19
18
24
16
17
17
16
18
16
14
16
21
16
19
15
17
16
21
16
16
19
16
16
19
16
16
21
18
15
18
19
17
16
18
15
18
18
16
14
17
16
11
18
19
17
17
19
19
17
14
17
19
19
18
17
17
17
17
18
15
18
19
19
18
17
16
17
19
17
14
14
17
16
14
18
13
14
14
19
17
19
18
16
17
14
23
19
15
22
18
19
18
17
19
21
14
21
19
18
18
17
17
17
17
18
17
17
18
17
18
17
17
18
15
17
15
21
16
13
14
14
17
19
15
14
16
16
17
19
16
19
18
17
16
18
15
19
15
17
14
19
16
16
16
20
8
21
16
17
18
16
19
19
17
19
18
17
17
19
19
14
19
14
17
19
14
19
20
17
14
16
20
16
16
25
19
16
18
17
21
18
20
19
15
14
19
15
14
20
19
20
18
19
19
15
18
19
17
16
15
8
26
14
18
15
19
16
16
17
17
14
14
19
20
18
17
16
16
16
14
17
19
15
17
14
20
17
17
21
16
14
14
14
18
16
18
15
19
19
18
16
17
16
14
17
20
18
18
8
18
16
15
19
18
9
18
15
10
17
19
16
16
16
16
19
18
16
21
16
19
14
17
17
15
17
17
23
19
17
19
19
9
17
17
5
16
19
19
17
17
18
18
16
14
26
19
18
25
16
19
18
15
18
14
18
15
18
17
17
14
26
18
26
16
19
19
19
16
20
16
15
14
17
5
18
16
16
14
14
18
17
16
19
17
17
19
22
13
14
20
15
20
15
14
17
17
15
18
14
17
16
18
17
16
14
18
19
19
18
14
19
17
14
20
16
19
16
18
14
16
16
18
18
18
14
16
18
19
17
21
18
16
16
19
17
16
15
17
17
8
15
14
19
16
17
17
20
20
19
7
14
16
19
14
15
14
5
16
16
15
19
14
19
19
22
15
17
22
20
17
15
19
7
25
18
16
17
17
19
18
16
18
17
18
19
17
12
16
16
15
19
17
17
16
16
10
16
18
18
16
18
17
16
17
20
16
16
16
18
18
17
15
16
21
15
16
16
16
15
19
19
23
18
20
14
17
18
17
16
16
17
17
20
14
19
14
18
20
16
19
16
18
15
19
17
17
19
17
15
18
19
7
18
13
18
14
21
12
8
19
14
17
19
19
20
18
20
15
17
17
15
18
14
11
8
18
14
25
17
17
16
19
14
23
15
14
17
17
23
19
17
21
17
24
16
21
14
17
17
19
18
19
17
19
19
18
19
18
18
19
15
14
19
14
22
16
15
12
15
19
17
8
20
11
17
17
16
13
19
18
16
15
21
15
17
18
17
15
20
18
14
15
19
14
14
19
18
19
17
20
22
14
23
19
19
17
17
17
8
17
16
17
16
18
15
16
11
17
10
17
19
17
15
24
16
17
17
17
14
18
17
23
16
17
11
17
17
8
26
18
14
16
17
16
18
17
18
27
19
17
14
16
14
7
11
14
17
14
13
17
17
17
14
17
19
17
17
23
15
16
16
19
17
17
17
15
19
17
19
17
17
18
9
17
14
16
16
16
18
19
20
16
15
17
15
14
